# 39x39.Trimagic Square.
# Generated by Toshihiro Shirakawa in 2026.02.16
# S1=29640
# S2=30045080
# S3=34262654400

27,467,697,671,679,989,39,1345,661,102,81,947,1404,883,957,1192,1463,324,1205,725,793,422,483,321,1339,1253,1328,240,390,1110,767,870,286,1426,1315,592,380,1237,230,
274,45,442,420,866,86,754,648,789,54,1368,944,471,834,664,444,986,1197,827,1459,993,1486,620,741,1271,927,1311,1478,1460,353,539,167,826,14,966,110,1301,473,1032,
603,780,56,1431,519,703,695,879,1504,419,746,1172,299,224,445,616,3,1455,1393,969,1425,295,1228,925,1071,67,1159,968,1231,630,7,926,398,743,134,811,1421,618,672,
634,663,147,90,1202,556,29,1476,1154,677,417,1116,1291,1293,59,1502,438,246,523,1222,339,1008,608,624,136,814,1003,171,1419,429,1405,479,1220,1074,940,1052,414,750,1020,
1164,47,1319,748,103,1411,466,824,1241,250,1443,822,837,133,1150,1248,976,1337,604,1194,662,759,1015,247,235,241,506,340,424,460,692,1208,888,1344,378,991,412,1480,41,
982,1467,755,906,1083,129,409,84,1371,1294,336,311,684,670,143,1155,918,553,160,598,1139,1176,452,501,581,1396,1134,1510,20,840,924,952,474,51,938,495,338,1278,1433,
1026,1201,1011,359,395,873,195,1284,131,915,1276,1477,1451,1027,732,547,1043,137,5,508,558,1252,0,427,309,1352,98,682,1212,681,1474,470,719,863,369,1403,757,844,577,
263,187,1007,934,548,791,1462,233,1033,1488,1204,640,484,434,1320,579,878,830,1395,942,72,140,1227,987,613,159,1423,1063,296,1148,135,1414,1028,454,660,121,198,758,1092,
1402,1163,331,1223,1265,1065,1516,1135,515,520,358,514,6,451,1029,397,158,1365,17,712,769,202,835,485,599,119,333,528,1080,1281,225,936,1388,792,384,821,1289,1185,1247,
536,144,649,407,861,25,1193,574,1346,518,476,714,1191,773,1519,211,674,91,711,19,673,1232,851,1375,1367,619,1055,1283,1263,1374,1021,305,868,472,898,638,203,79,1432,
1206,1094,1157,1079,910,170,1446,290,785,402,521,30,1039,920,994,1042,282,1485,31,733,1152,1030,448,818,783,443,497,1178,373,382,232,1438,561,185,1452,1233,1332,184,303,
965,248,411,220,1323,207,1017,78,1363,1470,564,541,1492,875,1085,643,238,950,1437,805,545,1190,1153,1251,1124,350,405,1177,784,139,1173,1133,911,179,70,990,391,320,423,
1144,1240,590,1112,243,511,798,1366,21,1114,1250,781,546,165,275,374,522,456,114,1509,768,705,854,1305,1243,351,1087,756,259,96,953,960,1484,204,689,1356,180,932,1327,
1310,325,1468,1156,635,651,105,189,832,1379,337,1259,1160,575,108,71,983,874,655,1269,797,1303,1483,1409,432,803,258,1119,721,463,549,148,216,710,1218,1089,80,639,862,
1128,1364,601,572,524,416,1045,1213,510,199,1062,1016,909,1508,617,1254,162,1166,1266,1343,691,498,371,1454,482,1067,349,245,1342,607,749,1126,228,38,867,278,1214,8,151,
804,425,1034,1314,218,1175,375,355,130,166,833,393,845,1359,1312,656,190,1198,1518,480,1084,489,310,963,540,1120,1497,1216,977,893,884,1264,63,535,64,260,1143,332,1226,
569,816,1158,24,26,469,742,665,853,507,142,1347,701,150,1397,1398,707,525,1236,285,970,462,597,138,1308,1400,1392,914,708,700,1394,271,713,628,1408,612,1203,1090,15,
1179,794,301,730,1018,213,252,894,107,876,1255,1256,589,1229,720,633,1458,724,1286,1511,1061,1306,33,92,49,571,222,1073,194,418,842,334,566,615,1338,1498,629,718,1056,
631,559,1297,1447,1416,1141,516,1357,450,1299,1121,100,937,542,585,75,172,276,738,1105,253,591,55,169,1258,1407,958,13,621,933,532,625,786,775,413,1168,1207,668,1444,
496,1324,421,1435,1427,281,1329,897,461,48,744,1334,439,1174,389,955,1132,1117,383,760,1137,403,388,565,1131,346,1081,186,776,1472,1059,623,191,1239,93,85,1099,196,1024,
76,852,313,352,1107,745,734,895,988,587,899,1507,562,113,262,1351,1465,929,1267,415,782,1244,1348,1445,935,978,583,1420,399,221,1070,163,1004,379,104,73,223,961,889,
464,802,891,22,182,905,954,1186,678,1102,1326,447,1298,949,1471,1428,1487,214,459,9,234,796,62,887,800,291,931,264,265,644,1413,626,1268,1307,502,790,1219,726,341,
1505,430,317,908,112,892,807,1249,126,820,812,606,128,120,212,1382,923,1058,550,1235,284,995,813,122,123,1370,819,173,1378,1013,667,855,778,1051,1494,1496,362,704,951,
294,1188,377,1260,1456,985,1457,256,636,627,543,304,23,400,980,557,1210,1031,436,1040,2,322,1330,864,208,161,675,1127,687,1354,1390,1165,1145,345,1302,206,486,1095,716,
1369,1512,306,1242,653,1482,1292,394,771,913,178,1275,1171,453,1038,66,1149,1022,829,177,254,354,1358,266,903,12,611,504,458,1321,1010,307,475,1104,996,948,919,156,392,
658,881,1440,431,302,810,1304,1372,971,1057,799,401,1262,717,1088,111,37,217,723,251,865,646,537,1449,1412,945,360,261,1183,141,688,1331,1415,869,885,364,52,1195,210,
193,588,1340,164,831,1316,36,560,567,1424,1261,764,433,1169,277,215,666,815,752,11,1406,1064,998,1146,1245,1355,974,739,270,406,1499,154,722,1009,1277,408,930,280,376,
1097,1200,1129,530,1450,1341,609,387,347,1381,736,343,1115,1170,396,269,367,330,975,715,83,570,1282,877,435,645,28,979,956,50,157,1442,503,1313,197,1300,1109,1272,555,
1217,1336,188,287,68,1335,959,82,1288,1138,1147,342,1023,1077,737,702,1072,490,368,787,1489,35,1238,478,526,600,481,1490,999,1118,735,1230,74,1350,610,441,363,426,314,
88,1441,1317,882,622,1048,652,1215,499,146,257,237,465,901,153,145,669,288,847,1501,809,1429,846,1309,1,747,329,806,1044,1002,174,946,327,1495,659,1113,871,1376,984,
273,335,231,699,1136,728,132,584,1295,239,440,992,1187,1401,921,1035,685,1318,751,808,1503,155,1362,1123,491,1069,1514,1006,1162,1000,1005,385,4,455,255,297,1189,357,118,
428,762,1322,1399,860,1066,492,106,1385,372,1224,457,97,1361,907,533,293,1380,1448,578,125,690,642,941,200,1086,1036,880,316,32,487,1287,58,729,972,586,513,1333,1257,
943,676,763,117,1151,657,801,1050,46,839,308,838,1422,168,1211,1093,1520,268,962,1012,1515,1383,477,973,788,493,69,43,244,605,1389,236,1325,647,1125,1161,509,319,494,
87,242,1182,1025,582,1469,1046,568,596,680,1500,10,386,124,939,1019,1068,344,381,922,1360,967,602,365,1377,850,836,1209,1184,226,149,1436,1111,1391,437,614,765,53,538,
1479,40,1108,529,1142,176,632,312,828,1060,1096,1180,1014,1279,1285,1273,505,761,858,326,916,183,544,272,370,1387,683,698,77,1270,279,696,1054,109,1417,772,201,1473,356,
500,770,1106,468,580,446,300,1041,115,1091,101,1349,517,706,1384,896,912,512,1181,298,997,1274,1082,18,1461,227,229,404,1103,843,366,44,1491,964,318,1430,1373,857,886,
848,902,99,709,1386,777,1122,594,1513,890,289,552,361,1453,449,595,292,1225,95,551,127,65,1517,904,1075,1296,1221,348,774,1101,16,641,825,817,1001,89,1464,740,917,
488,1047,219,1410,554,1506,694,1353,981,1167,60,42,209,593,249,779,900,34,527,61,693,323,534,1076,856,686,1049,576,152,1466,731,872,766,1434,654,1100,1078,1475,1246,
1290,283,1140,928,205,94,1234,650,753,410,1130,1280,192,267,181,1199,1037,1098,727,795,315,1196,57,328,563,637,116,573,1439,1418,859,175,1481,531,841,849,823,1053,1493,
