# 41x41.Trimagic Square.
# Generated by Toshihiro Shirakawa in 2026.02.16
# S1=34440
# S2=38584280
# S3=48630657600

26,188,1423,783,910,99,1116,681,313,1448,135,917,1026,397,567,166,1630,1159,889,1458,1337,1402,90,1497,631,523,841,1522,1156,586,934,477,528,1083,929,1587,206,945,885,1647,303,
990,49,817,194,1182,1303,1280,798,270,1585,576,1563,1158,182,1363,321,989,254,1607,1326,922,1675,1085,225,1058,1438,1321,1295,1019,174,373,1151,387,121,565,569,1272,581,462,421,519,
629,583,98,927,684,1059,127,459,982,64,1129,20,730,762,1493,658,1487,379,141,192,1215,352,767,1123,1450,1318,1061,1664,1143,1617,651,860,209,887,1168,275,738,1533,1596,1499,711,
1380,416,1673,162,330,406,788,1194,1220,1045,1662,1466,202,417,1212,441,748,1253,1282,779,530,786,1324,987,1347,815,1285,157,974,175,440,66,1035,792,1592,823,290,1555,184,1093,114,
203,265,536,1526,268,1126,24,27,1591,1427,712,331,1339,500,152,1226,120,946,133,1632,707,1078,1620,1213,1633,799,1543,716,794,1148,870,728,1187,806,1038,372,809,1142,1057,426,670,
930,340,1249,1258,582,276,297,935,1245,665,332,68,503,1413,908,1624,1557,1627,902,563,1343,833,1257,215,1406,38,916,1031,677,615,55,176,419,1070,1570,1419,497,1489,765,243,1132,
604,1584,947,131,1232,1302,281,1564,864,126,283,1483,1476,44,1569,680,978,1334,1199,540,1023,28,1233,1314,852,172,1601,1100,1573,628,605,1021,675,130,546,641,334,471,646,1028,598,
1246,708,754,979,1425,1424,438,295,1178,669,1040,442,1169,1185,34,1316,1276,456,1300,1394,1650,689,1583,489,855,549,349,555,62,516,266,210,1121,1529,136,1336,1420,1422,424,384,167,
161,1411,1658,813,234,900,70,971,342,1153,1378,949,1335,1353,351,39,612,205,476,570,77,1594,667,392,1611,624,585,883,163,936,1509,939,1266,835,1312,1037,457,1393,1500,544,1135,
31,241,937,713,319,128,1567,1521,355,374,1445,376,218,1461,941,906,591,1485,1275,963,601,625,42,752,1073,804,801,1235,1482,507,1197,836,1672,980,1360,1578,160,156,496,1103,1133,
802,1196,1473,898,1342,1454,386,1595,556,304,433,1231,970,819,318,76,988,45,469,1588,720,52,1198,1317,1292,365,280,240,807,1602,1623,1127,144,430,1043,907,850,452,1398,455,1195,
1530,620,1313,1007,1456,1408,1665,534,112,1384,339,472,660,626,1333,40,1434,589,461,834,1130,326,616,309,541,1251,411,1305,6,679,600,803,1310,1622,800,220,1469,2,1006,933,1284,
683,358,237,1188,781,1606,1122,1106,450,1392,1386,305,509,9,842,1490,944,1046,505,298,1071,391,981,1551,1586,1344,668,618,1291,36,325,958,148,603,1044,29,854,1534,1666,401,1084,
1358,961,1459,1163,1442,217,1605,954,314,199,439,606,1014,533,599,1216,301,1237,1572,543,921,271,663,10,284,1210,1176,328,1677,812,23,1637,1128,291,992,648,1265,1047,1351,789,185,
487,1417,1319,1648,905,566,1467,919,446,335,1192,236,186,518,572,1540,1244,869,138,896,259,1330,1503,766,106,1290,323,201,490,1364,1507,1217,348,1041,776,1270,994,568,671,0,1516,
1457,985,139,1600,132,704,1260,1575,584,324,501,909,179,1189,1661,573,1480,1368,1149,984,25,371,818,1105,72,955,142,1141,289,856,1433,1511,562,542,672,729,413,383,983,1236,1449,
1589,35,432,579,67,1668,853,727,233,353,1066,632,1546,1268,903,1369,592,920,1431,87,956,925,664,1535,262,1576,872,1170,594,1155,1634,1207,611,1287,705,676,977,51,381,21,831,
293,656,1580,229,1609,832,1229,41,4,252,875,1273,1468,1435,1599,1053,685,638,1286,613,1679,514,251,940,957,630,1120,59,196,938,943,513,859,1565,122,912,1395,1160,843,785,409,
911,1401,851,1087,1626,277,308,1262,1571,1181,1441,732,588,1154,369,756,118,1206,647,466,1374,1537,153,714,1298,453,1643,893,644,1452,1109,425,61,11,608,478,1373,715,1145,299,103,
1063,653,399,273,1186,650,1025,662,1278,1222,1165,1464,310,403,998,931,757,189,790,694,1598,866,1502,119,578,17,250,168,1531,506,884,165,718,1510,83,1416,1579,678,1432,1172,1556,
561,1252,437,959,480,357,993,155,1320,1365,292,1667,822,1453,244,590,1201,208,1205,65,840,1615,475,1472,479,1090,1436,227,858,13,1388,315,360,1525,687,1323,1200,721,1243,428,1119,
124,508,248,1002,101,264,1597,170,962,1515,796,1174,149,1512,1430,1663,1102,1561,178,814,82,986,890,1491,923,749,682,1277,1370,216,515,458,402,1018,655,1030,494,1407,1281,1027,617,
1577,1381,535,965,307,1202,1072,1669,1619,1255,571,228,1036,787,37,1227,382,966,1527,143,306,1214,1033,474,1562,924,1311,526,1092,948,239,499,109,418,1372,1403,54,593,829,279,769,
1271,895,837,520,285,768,1558,115,821,1167,737,742,1484,1621,560,1050,723,740,1429,1166,1,1067,394,1042,995,627,81,245,212,407,805,1428,1676,1639,451,848,71,1451,100,1024,1387,
849,1659,1299,1629,703,1004,975,393,1069,473,46,525,1086,510,808,104,1418,145,1016,755,724,1593,249,760,1088,311,777,412,134,1048,614,1327,1447,953,827,12,1613,1101,1248,1645,91,
231,444,697,1297,1267,951,1008,1138,1118,169,247,824,1391,539,1538,725,1608,575,862,1309,1655,696,531,312,200,1107,19,491,1501,771,1179,1356,1096,105,420,976,1548,80,1541,695,223,
164,1680,1009,1112,686,410,904,639,1332,463,173,316,1190,1479,1357,390,1574,914,177,350,1421,784,1542,811,436,140,1108,1162,1494,1444,488,1345,1234,761,213,1114,775,32,361,263,1193,
1495,891,329,633,415,1032,688,1389,552,43,1657,868,3,1352,504,470,1396,1670,1017,1409,759,1137,108,443,1379,464,1081,1147,666,1074,1241,1481,1366,726,75,1463,238,517,221,719,322,
596,1279,14,146,826,1651,636,1077,1532,722,1355,1644,389,1062,1012,336,94,129,699,1289,609,1382,1175,634,736,190,838,1671,1171,1375,294,288,1230,574,558,74,899,492,1443,1322,997,
396,747,674,1678,211,1460,880,58,370,877,1080,1001,1674,375,1269,429,1139,1371,1064,1354,550,846,1219,1091,246,1640,347,1054,1020,1208,1341,296,1568,1146,15,272,224,673,367,1060,150,
485,1225,282,1228,830,773,637,1250,1536,553,57,78,873,1440,1400,1315,388,363,482,1628,960,92,1211,1635,692,1604,1362,861,710,449,1247,1376,1124,85,1294,226,338,782,207,484,878,
547,577,1184,1524,1520,102,320,700,8,844,483,1173,198,445,879,876,607,928,1638,1055,1079,717,405,195,1089,774,739,219,1462,1304,235,1306,1325,159,113,1552,1361,967,743,1439,1649,
545,1136,180,287,1223,643,368,845,414,741,171,744,1517,797,1095,1056,69,1288,1013,86,1603,1110,1204,1475,1068,1641,1329,327,345,731,302,527,1338,709,1610,780,1446,867,22,269,1519,
1513,1296,1256,258,260,344,1544,151,559,1470,1414,1164,1618,1125,1331,1131,825,1191,97,991,30,286,380,1224,404,364,1646,495,511,1238,640,1011,502,1385,1242,256,255,701,926,972,434,
1082,652,1034,1209,1346,1039,1134,1550,1005,659,1075,1052,107,580,79,1508,828,366,447,1652,657,1140,481,346,702,1000,111,1636,204,197,1397,1554,816,116,1399,378,448,1549,733,96,1076,
548,1437,915,191,1183,261,110,610,1261,1504,1625,1065,1003,649,764,1642,274,1465,423,847,337,1117,778,53,123,56,772,267,1177,1612,1348,1015,435,745,1383,1404,1098,422,431,1340,750,
1010,1254,623,538,871,1308,642,874,493,952,810,532,886,964,137,881,47,467,60,602,973,48,1547,734,1560,454,1528,1180,341,1349,968,253,89,1653,1656,554,1412,154,1144,1415,1477,
1566,587,1496,125,1390,857,88,888,645,1614,1240,1505,706,1523,395,865,333,693,356,894,1150,901,398,427,932,1239,468,1263,1478,214,18,635,460,486,892,1274,1350,1518,7,1264,300,
969,181,84,147,942,1405,512,793,1471,820,1029,63,537,16,619,362,230,557,913,1328,465,1488,1539,1301,193,1022,187,918,950,1660,551,1616,698,1221,1553,621,996,753,1582,1097,1051,
1161,1259,1218,1099,408,1111,1115,1559,1293,529,1307,1506,661,385,359,242,622,1455,595,5,758,354,73,1426,691,1359,317,1498,522,117,1104,95,1410,882,400,377,498,1486,863,1631,690,
1377,33,795,735,1474,93,751,597,1152,1203,746,1094,524,158,839,1157,1049,183,1590,278,343,222,791,521,50,1514,1113,1283,654,763,1545,232,1367,999,564,1581,770,897,257,1492,1654,
