# 36x36.Trimagic Square
# Generated by Toshihiro Shirakawa in 2026.03.03
# S1=23310
# S2=20132070
# S3=19560819600

1,606,739,624,504,222,820,660,1258,749,1233,1295,668,727,508,59,63,650,645,1232,1236,787,568,627,0,62,546,37,635,475,1073,791,671,556,689,1294,
1183,15,502,845,115,999,639,836,748,91,685,1089,880,409,931,1109,666,1287,8,629,186,364,886,415,206,610,1204,547,459,656,296,1180,450,793,1280,112,
266,1070,29,557,1160,716,535,950,576,143,768,159,480,564,1019,1168,986,1249,46,309,127,276,731,815,1136,527,1152,719,345,760,579,135,738,1266,225,1029,
420,956,1120,147,327,462,209,235,974,562,49,946,78,1067,550,476,993,224,1071,302,819,745,228,1217,349,1246,733,321,1060,1086,833,968,1148,175,339,875,
1095,54,1223,542,179,729,840,965,464,232,519,1113,817,382,539,1235,366,113,1182,929,60,756,913,478,182,776,1063,831,330,455,566,1116,753,72,1241,200,
631,1251,460,374,1091,190,36,308,507,1292,801,284,444,586,1130,843,601,1138,157,694,452,165,709,851,1011,494,3,788,987,1259,1105,204,921,835,44,664,
558,1135,911,984,1021,479,283,273,906,103,898,532,1277,264,4,598,385,221,1074,910,697,1291,1031,18,763,397,1192,389,1022,1012,816,274,311,384,160,737,
27,513,185,42,618,1048,1106,304,1081,617,670,655,357,1212,424,651,647,12,1283,648,644,871,83,938,640,625,678,214,991,189,247,677,1253,1110,782,1268,
830,379,1009,229,934,1045,271,1124,307,885,257,408,89,1139,61,538,1037,411,884,258,757,1234,156,1206,887,1038,410,988,171,1024,250,361,1066,286,916,465,
821,324,992,1057,962,278,926,234,312,375,262,429,70,1169,90,975,290,930,365,1005,320,1205,126,1225,866,1033,920,983,1061,369,1017,333,238,303,971,474,
713,1216,869,947,193,1058,1237,301,433,1165,416,710,829,1121,111,823,814,162,1133,481,472,1184,174,466,585,879,130,862,994,58,237,1102,348,426,79,582,
524,996,340,1008,1128,325,1207,1028,935,197,387,492,1047,1247,227,876,939,1041,254,356,419,1068,48,248,803,908,1098,360,267,88,970,167,287,955,299,771,
133,1197,467,75,142,688,544,918,503,1119,695,800,523,726,277,84,198,1199,96,1097,1211,1018,569,772,495,600,176,792,377,751,607,1153,1220,828,98,1162,
841,1145,1279,1209,802,1093,56,1147,184,847,1112,561,785,597,941,373,592,461,834,703,922,354,698,510,734,183,448,1111,148,1239,202,493,86,16,150,454,
1273,141,852,1240,807,643,19,514,242,447,857,728,441,30,672,509,77,520,775,1218,786,623,1265,854,567,438,848,1053,781,1276,652,488,55,443,1154,22,
752,219,380,300,132,1227,940,1023,363,1085,907,767,82,758,1281,744,371,1010,285,924,551,14,537,1213,528,388,210,932,272,355,68,1163,995,915,1076,543,
653,33,1190,701,780,1084,860,553,1238,826,67,20,563,418,649,1271,761,746,549,534,24,646,877,732,1275,1228,469,57,742,435,211,515,594,105,1262,642,
436,904,1015,1100,427,434,381,161,1054,889,1072,392,144,358,1261,1161,1065,863,432,230,134,34,937,1151,903,223,406,241,1134,914,861,868,195,280,391,859,
1150,1229,500,125,1245,630,628,386,777,1166,604,1176,755,717,306,268,463,73,1222,832,1027,989,578,540,119,691,129,518,909,667,665,50,1170,795,66,145,
605,456,164,353,712,177,1181,138,1087,76,295,959,838,976,1014,706,118,352,943,1177,589,281,319,457,336,1000,1219,208,1157,114,1118,583,942,1131,839,690,
263,560,789,498,1049,65,805,708,71,468,1264,13,584,1013,958,178,1078,722,573,217,1117,337,282,711,1282,31,827,1224,587,490,1230,246,797,506,735,1032,
109,575,741,608,326,102,541,596,25,393,1285,9,676,412,431,1256,407,684,611,888,39,864,883,619,1286,10,902,1270,699,754,1193,969,687,554,720,1186,
446,370,1016,1075,933,1146,344,166,1006,413,233,401,1191,21,766,341,244,881,414,1051,954,529,1274,104,894,1062,882,289,1129,951,149,362,220,279,925,849,
813,496,394,1056,218,1039,1194,140,442,94,896,858,747,530,265,980,32,1127,168,1263,315,1030,765,548,437,399,1201,853,1155,101,256,1077,239,901,799,482,
990,809,121,1221,552,440,891,1269,1137,808,1187,383,428,288,390,736,1254,485,810,41,559,905,1007,867,912,108,487,158,26,404,855,743,74,1174,486,305,
897,484,318,343,51,636,151,93,1108,1200,194,1083,403,928,1115,570,533,473,822,762,725,180,367,892,212,1101,95,187,1202,1144,659,1244,952,977,811,398,
2,680,721,522,1242,1195,626,199,1059,702,1002,638,1267,1001,723,7,632,595,700,663,1288,572,294,28,657,293,593,236,1096,669,100,53,773,574,615,1293,
1278,675,590,927,681,23,609,1149,45,599,633,201,6,779,673,99,661,964,331,634,1196,622,516,1289,1094,662,696,1250,146,686,1272,614,368,705,620,17,
714,621,124,122,329,335,430,683,692,1042,613,152,1198,85,172,641,1243,313,982,52,654,1123,1210,97,1143,682,253,603,612,865,960,966,1173,1171,674,581,
226,936,80,770,1164,812,874,978,110,1026,796,334,825,376,679,917,1248,35,1260,47,378,616,919,470,961,499,269,1185,317,421,483,131,525,1215,359,1069,
1090,43,1188,526,192,759,439,322,545,1080,784,1140,477,402,724,1114,1126,1178,117,169,181,571,893,818,155,511,215,750,973,856,536,1103,769,107,1252,205,
1290,531,505,591,555,128,844,715,347,1004,81,1284,718,637,1172,136,137,693,602,1158,1159,123,658,577,11,1214,291,948,580,451,1167,740,704,790,764,5,
501,1036,967,275,261,1189,1179,1035,338,216,316,824,191,92,778,396,945,298,997,350,899,517,1203,1104,471,979,1079,957,260,116,106,1034,1020,328,259,794,
890,512,163,170,565,417,314,1003,423,707,40,1099,1208,1257,1156,491,900,798,497,395,804,139,38,87,196,1255,588,872,292,981,878,730,1125,1132,783,405,
489,297,323,1040,1043,1052,1231,1055,963,270,310,453,1082,69,1064,774,346,944,351,949,521,231,1226,213,842,985,1025,332,240,64,243,252,255,972,998,806,
400,846,1044,1107,870,445,120,1141,1050,422,1122,923,1142,953,249,207,1092,458,837,203,1088,1046,342,153,372,173,873,245,154,1175,850,425,188,251,449,895,
