# 45x45.Trimagic Square.
# Generated by Toshihiro Shirakawa in 2026.02.17
# S1=45540
# S2=61463820
# S3=93325122000

21,1134,1889,1503,342,1936,484,1148,55,1834,1246,1856,1235,1304,677,1104,773,437,770,1649,986,208,308,652,1964,1217,480,1056,448,1244,1455,435,273,1154,1537,338,1582,1997,578,1512,1027,463,1607,59,1563,
604,126,675,1003,72,1137,216,1596,1929,212,141,469,771,1184,1186,1215,607,1484,1338,1931,805,228,1685,1748,1742,871,1203,277,22,1968,1424,975,1957,601,1776,381,1370,535,944,1766,1350,1014,836,618,1548,
1342,599,129,1605,1642,983,255,1221,125,292,368,1981,1858,946,1798,693,904,405,1986,1805,1588,400,756,434,656,843,357,483,1128,1394,1163,1418,128,287,1369,1248,1360,1894,104,1087,1721,1265,486,1462,1572,
1189,390,164,149,170,1302,1264,1316,1145,1108,1451,1973,1256,1804,1218,1864,1901,1177,1116,138,144,962,1765,1650,1578,758,199,328,193,678,1149,499,389,1307,729,1526,1089,649,1974,598,579,1672,818,295,1917,
1704,594,1270,280,161,1665,585,1111,1480,1297,388,921,1191,222,9,747,1028,762,16,1214,1698,584,1230,470,829,1675,713,1893,450,1600,2016,1932,638,1983,784,1356,1487,1395,312,407,119,1415,1581,1708,620,
1736,1291,954,1976,1072,186,1566,1034,739,1654,884,211,1996,1908,695,1241,1571,1245,413,633,1324,1855,110,694,842,1799,132,406,1595,432,1777,1608,1118,1393,804,1409,102,87,851,1485,1044,418,619,396,235,
518,825,1773,379,96,1166,213,1938,1843,1518,1169,1723,1156,665,1160,1830,217,706,1408,1486,78,114,945,575,586,1059,1550,1314,1211,207,827,1064,1599,559,2020,1876,415,1782,1474,314,1448,491,230,737,1276,
766,495,595,477,531,1760,1378,317,709,214,1991,947,20,1697,1482,1397,1381,1720,1011,1171,1955,296,1290,71,1365,899,1100,846,1819,1735,117,752,233,763,155,1824,1733,1570,1410,1803,1172,551,515,500,1007,
1053,24,1853,1242,549,269,223,231,363,1604,1691,1888,1427,824,1709,1638,715,1106,1460,1228,1867,1126,510,572,485,1757,1615,1463,911,256,886,502,1844,482,1504,1205,156,755,1926,848,987,350,62,1660,714,
1164,1724,1250,689,1963,1921,1836,1323,1740,451,791,869,383,167,1286,1507,644,626,361,1086,647,1948,478,657,1690,1797,1531,90,698,1084,373,1653,1743,1074,519,337,1259,1431,89,1371,979,113,705,1483,10,
73,310,298,1454,1384,1662,1061,1862,1337,1982,504,1930,943,1942,1060,261,1130,1616,106,2001,1340,1133,958,63,1333,172,743,1363,1165,841,1358,1949,440,1071,457,555,834,1412,313,68,974,1689,881,488,1024,
1560,57,1243,955,1575,1362,467,489,1048,1093,325,523,602,263,1872,355,433,1532,1466,182,621,1433,985,1063,243,1283,1562,524,1998,1569,1800,1845,1499,397,1441,1900,543,358,1958,730,1478,1161,1289,441,17,
1705,1762,793,1379,118,306,716,1026,959,1035,1939,475,566,883,1820,1185,1745,79,865,1601,1734,146,1009,534,1648,749,589,1795,25,218,365,719,874,1225,1925,1237,1593,206,257,1622,892,1809,1157,1623,632,
329,1083,1629,97,183,127,1772,919,1749,494,872,1030,554,628,1109,1300,1492,1678,1558,648,1383,588,623,1668,37,1994,354,1055,1158,1680,547,1432,697,1296,696,410,1792,158,897,1859,145,1472,1989,1655,704,
854,245,909,1364,1180,1339,1677,790,297,1790,2013,702,163,392,731,1630,1719,560,324,999,1915,548,1639,294,922,1919,1774,479,1788,624,1502,1450,1096,122,610,1299,1263,238,1457,1658,826,13,147,926,1353,
283,901,1023,527,1527,1620,679,587,1543,571,1373,973,1970,1413,1990,732,1625,1787,1247,1388,1279,191,134,667,1850,1227,1764,930,1343,1924,1052,65,1940,490,187,707,812,1144,1519,529,31,613,7,992,384,
1579,1683,553,856,1210,622,984,1822,1528,18,173,1142,888,1664,1984,914,753,1882,1216,353,120,473,1058,1313,970,210,1479,19,769,1828,1783,837,582,1966,1090,372,53,1075,635,1681,530,1847,1135,447,1444,
64,634,1374,1826,1848,153,1288,1739,917,421,1249,723,1510,1985,850,1992,1196,802,1633,811,673,639,52,565,302,3,1022,1693,1944,683,1124,1312,1467,1274,1321,111,1273,1282,845,1344,1954,322,240,608,472,
1586,2009,507,1610,767,830,1193,197,801,642,1057,2,1873,1602,101,625,1407,246,893,1175,1881,1488,1785,823,1114,83,1887,1647,1167,12,1387,905,1556,873,581,1091,932,1849,460,1008,721,278,1950,744,195,
1043,309,427,577,1759,942,332,1334,0,1267,1232,1515,817,746,1239,740,1637,5,1995,936,1162,393,159,133,1559,1117,185,1099,1336,1095,1770,1771,1498,1975,398,605,501,1977,411,800,1238,1725,1912,508,1361,
321,568,951,822,1565,1354,2010,336,1753,1884,189,1325,1097,203,1684,311,139,1612,1840,1673,977,798,201,307,1068,820,1076,1621,1756,430,1568,590,323,1657,1421,528,816,1298,1306,249,1146,1348,1874,533,192,
330,2018,923,895,1033,885,832,1020,154,272,293,511,1428,1676,81,957,1,1252,563,444,993,1005,378,1738,1553,1332,1916,1706,1029,1933,1036,439,1780,1988,912,1229,1758,1006,1508,121,46,669,1598,788,1511,
939,902,1468,45,672,345,1209,1754,1521,903,1909,1260,982,1046,1750,209,1947,380,658,44,178,1147,1012,877,1846,1980,1366,1644,77,1815,274,978,1042,764,115,1121,503,270,815,1679,1352,1979,556,1122,1085,
513,1236,426,1355,1978,1903,516,1018,266,795,1112,36,244,1585,988,91,995,318,108,692,471,286,1646,1019,1031,1580,1461,772,2023,1067,1943,348,596,1513,1731,1752,1870,1004,1192,1139,991,1129,1101,6,1694,
1832,1491,150,676,878,1775,718,726,1208,1496,603,367,1701,1434,456,1594,268,403,948,1204,956,1717,1823,1226,1047,351,184,412,1885,1713,340,1821,927,699,1835,140,271,1688,14,670,459,1202,1073,1456,1703,
663,1516,112,299,786,1224,1613,47,1523,1419,1626,49,526,253,254,929,688,925,1839,907,465,1891,1865,1631,862,1088,29,2019,387,1284,785,1278,1207,509,792,757,2024,690,1692,1082,265,1447,1597,1715,981,
1829,1280,74,1746,1303,1016,1564,175,1092,933,1443,1151,468,1119,637,2012,857,377,137,1941,910,1201,239,536,143,849,1131,1778,617,1399,1923,422,151,2022,967,1382,1223,1827,831,1194,1257,414,1517,15,438,
1552,1416,1784,1702,70,680,1179,742,751,1913,703,750,557,712,900,1341,80,331,1002,2021,1722,1459,1972,1385,1351,1213,391,1222,828,32,1174,39,514,1301,775,1603,1107,285,736,1871,176,198,650,1390,1960,
580,1577,889,177,1494,343,1389,949,1971,1652,934,58,1442,1187,241,196,1255,2005,545,1814,1054,711,966,1551,1904,1671,808,142,1271,1110,40,360,1136,882,1851,2006,496,202,1040,1402,814,1168,1471,341,445,
1640,1032,2017,1411,1993,1495,505,880,1212,1317,1837,1534,84,1959,972,100,681,1094,260,797,174,1357,1890,1833,745,636,777,237,399,1292,34,611,54,1051,651,1453,481,1437,1345,404,497,1497,1001,1123,1741,
671,1098,1877,2011,1198,366,567,1786,761,725,1414,1902,928,574,522,1400,236,1545,250,105,1102,1730,385,1476,109,1025,1700,1464,305,394,1293,1632,1861,1322,11,234,1727,1234,347,685,844,660,1115,1779,1170,
1320,369,35,552,1879,165,1127,1866,232,1614,1328,728,1327,592,1477,344,866,969,1670,30,1987,356,1401,1436,641,1376,466,346,532,724,915,1396,1470,994,1152,1530,275,1105,252,1897,1841,1927,395,941,1695,
1392,401,867,215,1132,402,1767,1818,431,787,99,799,1150,1305,1659,1806,1999,229,1435,1275,376,1490,1015,1878,290,423,1159,1945,279,839,204,1141,1458,1549,85,989,1065,998,1308,1718,1906,645,1231,262,319,
2007,1583,735,863,546,1294,66,1666,1481,124,583,1627,525,179,224,455,26,1500,462,741,1781,961,1039,591,1403,1842,558,492,1591,1669,152,1761,1422,1501,1699,931,976,1535,1557,662,449,1069,781,1967,464,
1000,1536,1143,335,1050,1956,1711,612,1190,1469,1567,953,1584,75,666,1183,859,661,1281,1852,691,1961,1066,891,684,23,1918,408,894,1763,964,82,1081,94,1520,42,687,162,963,362,640,570,1726,1714,1951,
2014,541,1319,1911,1045,653,1935,593,765,1687,1505,950,281,371,1651,940,1326,1934,493,227,334,1367,1546,76,1377,938,1663,1398,1380,517,738,1857,1641,1155,1233,1573,284,701,188,103,61,1335,774,300,860,
1310,364,1962,1674,1037,1176,98,1269,1868,819,520,1542,180,1522,1138,1768,1113,561,409,267,1539,1452,1514,898,157,796,564,918,1309,386,315,1200,597,136,333,420,1661,1793,1801,1755,1475,782,171,2000,971,
1017,1524,1509,1473,852,221,614,454,291,200,1869,1261,1791,1272,1907,289,205,1178,924,1125,659,1953,734,1728,69,853,1013,304,643,627,542,327,2004,1077,33,1810,1315,1707,646,264,1493,1547,1429,1529,1258,
748,1287,1794,1533,576,1710,550,242,1609,148,4,1465,425,960,1197,1817,813,710,474,965,1438,1449,1079,1910,1946,538,616,1318,1807,194,864,1359,868,301,855,506,181,86,1811,858,1928,1645,251,1199,1506,
1789,1628,1405,1606,980,539,1173,1937,1922,615,1220,631,906,416,247,1592,429,1618,1892,225,1182,1330,1914,169,700,1391,1611,779,453,783,1329,116,28,1813,1140,370,1285,990,458,1838,952,48,1070,733,288,
1404,316,443,609,1905,1617,1712,629,537,668,1240,41,1386,92,8,424,1574,131,1311,349,1195,1554,794,1440,326,810,2008,1262,996,1277,2015,1802,833,1103,1636,727,544,913,1439,359,1863,1744,754,1430,320,
107,1729,1206,352,1445,1426,50,1375,935,498,1295,717,1635,1525,875,1346,1831,1696,1825,1266,446,374,259,1062,1880,1886,908,847,123,160,806,220,768,51,573,916,879,708,760,722,1854,1875,1860,1634,835,
452,562,1538,759,303,937,1920,130,664,776,655,1737,1896,606,861,630,896,1541,1667,1181,1368,1590,1268,1624,436,219,38,1619,1120,1331,226,1078,166,43,1656,1732,1899,803,1769,1041,382,419,1895,1425,682,
476,1406,1188,1010,674,258,1080,1489,654,1643,248,1423,67,1049,600,56,2002,1747,821,1153,282,276,339,1796,1219,93,686,540,1417,809,838,840,1253,1555,1883,1812,95,428,1808,887,1952,1021,1349,1898,1420,
461,1965,417,1561,997,512,1446,27,442,1686,487,870,1751,1589,569,780,1576,968,1544,807,60,1372,1716,1816,1038,375,1254,1587,1251,920,1347,720,789,168,778,190,1969,876,1540,88,1682,521,135,890,2003,
