# 43x43.Trimagic Square.
# Generated by Toshihiro Shirakawa in 2026.02.17
# S1=39732
# S2=48963068
# S3=67881168432

18,646,1484,967,399,321,1663,1514,672,363,737,430,1280,1519,1692,1085,265,979,167,799,705,1136,1730,1406,598,1688,1670,19,1550,668,717,292,1091,304,1554,511,968,1293,306,1654,259,1397,1216,
344,21,1035,1405,1837,391,677,1349,998,1243,1733,1045,1189,1513,1051,1715,1522,203,709,1603,369,1637,739,132,314,1119,96,235,725,1410,1359,497,256,597,461,1328,447,308,1120,1754,956,1474,816,
1744,465,122,1672,14,1291,1591,1536,492,128,887,902,599,158,1141,291,1105,1053,1608,1315,656,1649,1786,1422,1373,380,602,710,631,355,1665,1376,76,762,433,376,1013,1640,759,1168,1371,994,421,
934,498,147,152,634,1561,815,450,48,578,871,1431,1003,1465,16,404,1615,840,1799,1541,444,1282,623,1414,44,521,1332,1155,1400,633,1745,220,1602,1784,532,509,1135,1121,1072,439,935,1240,1748,
90,654,1760,1333,215,412,80,1697,1674,1706,1087,1501,263,1292,601,780,782,691,812,327,1017,895,1372,683,1532,1019,1070,1844,1296,1242,772,162,1839,59,1205,1059,264,1435,87,488,1178,950,507,
37,923,1562,242,1306,268,34,884,1773,1818,926,1285,1823,857,1184,1498,1324,462,1031,575,1489,1142,1186,1335,177,640,576,218,1227,1717,863,267,694,373,883,1115,68,389,1510,741,1104,414,1792,
989,1001,1084,455,1511,700,293,107,371,1392,1408,126,574,437,1461,681,1304,1305,17,105,1593,904,1846,1705,464,1512,1682,970,108,1636,1252,792,1218,453,473,1808,425,1164,1473,1112,410,785,626,
742,1150,60,232,1683,1648,941,343,400,842,138,582,820,1198,1776,50,1666,1262,976,1650,1196,862,241,804,130,755,1037,628,1590,1362,213,280,1182,1598,1793,1662,523,1329,1369,564,853,392,1210,
577,501,1097,79,1082,395,229,1078,353,1169,1064,506,540,1560,635,1810,579,1207,1402,1579,1275,1763,1319,290,57,1787,1221,1617,1430,891,222,1067,595,1117,367,1054,1807,487,1528,230,13,1352,801,
1413,1660,1098,695,937,283,660,361,1128,354,1845,567,1048,1074,97,1158,1833,1103,1206,345,1749,856,545,1353,319,196,796,1320,494,1571,216,1172,117,1728,1462,224,1183,415,28,1693,1212,1122,1096,
1825,1114,918,1644,1499,1535,43,773,378,244,429,571,1407,1520,832,905,855,393,1370,1258,775,82,846,1420,915,225,1712,1450,370,270,1323,342,1257,1531,1464,1638,721,615,667,24,1732,432,408,
1050,101,1071,1739,1836,1552,1476,1518,1451,849,278,536,482,217,10,657,1069,788,603,1367,718,1841,861,251,1298,1235,921,1364,746,1,702,647,1244,572,474,1429,882,1698,553,436,1625,1576,8,
502,1443,385,1746,940,403,1609,106,1279,466,396,1110,546,1796,1014,191,1610,303,978,402,818,1516,732,1471,1147,53,675,1822,1301,1290,381,1363,936,1737,348,1515,1177,22,1326,825,1174,699,179,
275,1061,119,896,20,98,949,530,1735,1757,620,1336,51,554,153,1426,893,518,401,619,358,1704,1190,1118,1248,491,1779,624,1634,1288,581,1263,685,960,826,1595,1161,234,1278,1530,1723,1566,885,
549,331,711,917,33,958,1486,848,181,1129,1042,1801,1389,974,611,339,445,135,1231,1687,1567,821,124,279,1029,1586,1588,852,703,1268,227,1563,753,202,1764,1289,1314,508,1577,1309,655,1762,195,
1203,1134,1099,864,910,1195,145,1655,982,839,1211,184,1311,962,1848,689,149,173,920,1287,1596,1785,1711,454,1575,309,1344,833,879,1759,1497,1656,541,1283,207,416,127,843,609,449,58,844,197,
1021,1668,1756,1524,36,584,786,1046,1719,1488,1753,1771,945,1620,877,407,692,1124,46,593,1380,1025,1537,315,983,875,29,249,190,1425,735,1236,1738,1011,954,452,356,310,988,1034,793,73,588,
607,83,1334,551,1254,1647,740,1322,503,1611,78,1437,31,1685,1187,1358,141,783,1343,284,1843,959,139,493,510,299,651,1151,1223,1639,830,1679,1816,916,771,972,589,420,901,1643,1038,171,1100,
767,1689,35,1133,851,1170,868,1794,1782,1010,1424,756,1842,548,1526,1094,325,340,809,123,274,760,1200,867,1708,1265,538,517,134,663,1469,483,1385,1421,1553,81,1377,368,1040,942,172,187,1442,
1702,1684,639,1627,716,1080,1809,1587,614,206,1256,42,1755,148,769,897,346,157,65,822,1572,1439,531,1125,500,175,948,1612,1678,669,341,975,824,1057,1012,644,1491,1152,527,1166,74,909,1390,
1261,247,828,535,1058,297,1622,841,469,431,1368,1548,121,1219,765,1734,1391,1803,460,1525,858,1694,1140,616,1460,168,266,254,618,1101,1286,1238,67,394,686,1543,929,1736,219,1458,807,189,1482,
1381,1378,722,1175,1090,622,365,805,1144,1160,289,27,301,1466,1605,1199,1546,1600,352,71,70,924,1778,1777,1496,248,302,649,243,382,1547,1821,1559,688,704,1043,1483,1226,758,673,1126,470,467,
366,1659,1041,390,1629,112,919,305,1162,1454,1781,610,562,747,1230,1594,1582,1680,388,1232,708,154,990,323,1388,45,457,114,1083,629,1727,300,480,1417,1379,1007,226,1551,790,1313,1020,1601,587,
458,939,1774,682,1321,696,357,1204,836,791,1024,873,1507,1179,170,236,900,1673,1348,723,1317,409,276,1026,1783,1691,1502,951,1079,1700,93,1806,592,1642,1234,261,39,768,1132,221,1209,164,146,
406,1661,1676,906,808,1480,471,1767,295,427,463,1365,379,1185,1714,1331,1310,583,140,981,648,1088,1574,1725,1039,1508,1523,754,322,1300,6,1092,424,838,66,54,980,678,997,715,1813,159,1081,
748,1677,810,205,947,1428,1259,876,1077,932,32,169,1018,209,625,697,1197,1549,1338,1355,1709,889,5,1564,505,1065,1707,490,661,163,1817,411,1770,237,1345,526,1108,201,594,1297,514,1765,1241,
1260,1775,1055,814,860,1538,1492,1396,894,837,110,612,1113,423,1658,1599,1819,973,865,1533,311,823,468,1255,1802,724,1156,1441,971,228,903,77,95,360,129,802,1062,1264,1812,324,92,180,827,
1651,1004,1790,1399,1239,1005,1721,1432,1641,565,1307,192,351,89,969,1015,504,1539,273,1394,137,63,252,561,928,1675,1699,1159,0,886,537,1664,637,1009,866,193,1703,653,938,984,749,714,645,
1653,86,1193,539,271,1340,534,559,84,1646,1095,285,1621,580,1145,996,260,262,819,1569,1724,1027,281,161,617,1713,1403,1509,1237,874,459,47,806,719,1667,1000,362,890,1815,931,1137,1517,1299,
963,282,125,318,570,1614,687,253,1022,888,1163,585,1267,560,214,1224,69,1357,600,730,658,144,1490,1229,1447,1330,955,422,1695,1294,1797,512,1228,91,113,1318,899,1750,1828,952,1729,787,1573,
1669,1149,674,1023,522,1826,671,333,1500,111,912,485,1467,558,547,26,1173,1795,701,377,1116,332,1030,1446,870,1545,238,1657,834,52,1302,738,1452,1382,569,1742,239,1445,908,102,1463,405,1346,
1840,272,223,1412,1295,150,966,419,1374,1276,604,1201,1146,1847,1102,484,927,613,550,1597,987,7,1130,481,1245,1060,779,1191,1838,1631,1366,1312,1570,999,397,330,372,296,12,109,777,1747,798,
1440,1416,116,1824,1181,1233,1127,210,384,317,591,1506,525,1578,1478,398,136,1623,933,428,1002,1766,1073,590,478,1455,993,943,1016,328,441,1277,1419,1604,1470,1075,1805,313,349,204,930,734,23,
752,726,636,155,1820,1433,665,1624,386,120,1731,676,1632,277,1354,528,1052,1652,1529,495,1303,992,99,1503,642,745,15,690,1751,774,800,1281,3,1494,720,1487,1188,1565,911,1153,750,188,435,
1047,496,1835,1618,320,1361,41,794,1481,731,1253,781,1626,957,418,231,627,61,1791,1558,529,85,573,269,446,641,1269,38,1213,288,1308,1342,784,679,1495,770,1619,1453,766,1769,751,1347,1271,
638,1456,995,1284,479,519,1325,186,55,250,666,1568,1635,486,258,1220,811,1093,1718,1044,1607,986,652,198,872,586,182,1798,72,650,1028,1266,1710,1006,1448,1505,907,200,165,1616,1788,698,1106,
1222,1063,1438,736,375,684,1423,40,1375,1395,630,1056,596,212,1740,878,166,336,1384,143,2,944,255,1743,1831,543,544,1167,387,1411,1274,1722,440,456,1477,1741,1555,1148,337,1393,764,847,859,
56,1434,744,1107,338,1459,1780,733,965,1475,1154,1581,985,131,621,1630,1272,1208,1671,513,662,706,359,1273,817,1386,524,350,664,991,25,563,922,30,75,964,1814,1580,542,1606,286,925,1811,
1341,898,670,1360,1761,413,1584,789,643,1789,9,1686,1076,606,552,4,778,829,316,1165,476,953,831,1521,1036,1157,1066,1068,1247,556,1585,347,761,142,174,151,1768,1436,1633,515,88,1194,1758,
100,608,913,1409,776,727,713,1339,1316,64,246,1628,103,1215,448,693,516,1327,1804,434,1225,566,1404,307,49,1008,233,1444,1832,383,845,417,977,1270,1800,1398,1033,287,1214,1696,1701,1350,914,
1427,854,477,680,1089,208,835,1472,1415,1086,1772,472,183,1493,1217,1138,1246,1468,475,426,62,199,1192,533,240,795,743,1557,707,1690,1249,946,961,1720,1356,312,257,557,1834,176,1726,1383,104,
1032,374,892,94,728,1540,1401,520,1387,1251,1592,1351,489,438,1123,1613,1752,729,1534,1716,1109,211,1479,245,1139,1645,326,133,797,335,659,803,115,605,850,499,1171,1457,11,443,813,1827,1504,
632,451,1589,194,1542,555,880,1337,294,1544,757,1556,1131,1180,298,1829,178,160,1250,442,118,712,1143,1049,1681,869,1583,763,156,329,568,1418,1111,1485,1176,334,185,1527,1449,881,364,1202,1830,
