# 44x44.Trimagic Square
# Generated by Toshihiro Shirakawa in 2026.03.03
# S1=42570
# S2=54929490
# S3=79737015600

12,1932,868,1063,1333,1160,721,1221,131,761,1729,1849,459,710,509,1429,1894,699,1786,454,981,1011,924,954,1481,149,1236,41,506,1426,1225,1476,86,206,1174,1804,714,1214,775,602,872,1067,3,1923,
931,47,985,1922,54,899,984,1318,1915,996,912,1834,949,1916,830,36,1054,1077,1498,1047,1471,581,1354,464,888,437,858,881,1899,1105,19,986,101,1023,939,20,617,951,1036,1881,13,950,1888,1004,
1822,356,72,1179,771,1306,1741,647,1111,1607,1207,1093,579,845,1857,1470,1624,541,1625,1795,1202,213,1722,733,140,310,1394,311,465,78,1090,1356,842,728,328,824,1288,194,629,1164,756,1863,1579,113,
903,654,1724,172,17,391,1240,1360,1891,1546,434,387,1461,1367,1347,382,849,338,1100,1234,545,1818,117,1390,701,835,1597,1086,1553,588,568,474,1548,1501,389,44,575,695,1544,1918,1763,211,1281,1032,
1723,640,353,1215,193,1351,214,271,773,1636,1287,1138,247,1112,259,1344,1267,1409,367,185,702,1877,58,1233,1750,1568,526,668,591,1676,823,1688,797,648,299,1162,1664,1721,584,1742,720,1582,1295,212,
1024,10,873,1208,948,215,715,742,94,1165,1773,126,1286,1099,1027,997,1832,729,51,504,1883,494,1441,52,1431,1884,1206,103,938,908,836,649,1809,162,770,1841,1193,1220,1720,987,727,1062,1925,911,
1322,1353,1422,519,443,1791,275,1697,1662,1338,1647,659,1748,1762,910,750,482,335,498,293,1525,600,1335,410,1642,1437,1600,1453,1185,1025,173,187,1276,288,597,273,238,1660,144,1492,1416,513,582,613,
108,876,166,767,495,1256,1835,469,913,85,1132,1072,555,857,48,148,1150,1339,283,1810,810,1458,477,1125,125,1652,596,785,1787,1887,1078,1380,863,803,1850,1022,1466,100,679,1440,1168,1769,1059,1827,
846,1038,1029,999,240,862,1144,1007,478,946,40,376,921,1868,1396,1598,22,904,1914,399,1845,231,1704,90,1536,21,1031,1913,337,539,67,1014,1559,1895,989,1457,928,791,1073,1695,936,906,897,1089,
707,1669,324,186,1842,372,639,500,317,481,407,1539,402,1483,828,683,1163,1737,769,1343,1617,179,1756,318,592,1166,198,772,1252,1107,452,1533,396,1528,1454,1618,1435,1296,1563,93,1749,1611,266,1228,
1596,1903,1864,27,812,1436,1042,643,625,637,502,1796,566,1265,1711,406,1270,1482,1121,853,24,800,1135,1911,1082,814,453,665,1529,224,670,1369,139,1433,1298,1310,1292,893,499,1123,1908,71,32,339,
1852,109,840,794,528,1145,106,82,1494,725,879,520,1301,1172,1439,6,1927,666,1675,1156,895,570,1365,1040,779,260,1269,8,1929,496,763,634,1415,1056,1210,441,1853,1829,790,1407,1141,1095,1826,83,
18,1820,1068,869,663,1117,2,1839,154,739,1055,1753,635,925,1006,370,1630,1238,180,1143,1002,1633,302,933,792,1755,697,305,1565,929,1010,1300,182,880,1196,1781,96,1933,818,1272,1066,867,115,1917,
930,222,1015,135,81,1515,730,1345,200,593,447,1602,1448,645,1657,323,1065,1816,1045,774,1382,95,1840,553,1161,890,119,870,1612,278,1290,487,333,1488,1342,1735,590,1205,420,1854,1800,920,1713,1005,
811,1001,896,1064,919,7,1249,1057,1,941,1752,59,1108,1766,748,713,30,1140,74,813,1874,1315,620,61,1122,1861,795,1905,1222,1187,169,827,1876,183,994,1934,878,686,1928,1016,871,1039,934,1124,
674,1561,176,253,1708,1622,1389,416,532,559,348,1464,1640,349,1048,752,718,123,1224,1405,1731,1557,378,204,530,711,1812,1217,1183,887,1586,295,471,1587,1376,1403,1519,546,313,227,1682,1759,374,1261,
708,1534,1363,196,1860,1547,1282,1402,1685,431,1516,423,1517,483,1610,607,777,1656,1134,1264,1693,143,1792,242,671,801,279,1158,1328,325,1452,418,1512,419,1504,250,533,653,388,75,1739,572,401,1227,
838,1180,905,1009,322,834,594,1051,1823,883,1862,167,914,1801,1418,1777,1760,856,1907,1890,1194,719,1216,741,45,28,1079,175,158,517,134,1021,1768,73,1052,112,884,1341,1101,1613,926,1030,755,1097,
1592,551,1732,1882,1188,473,764,1323,1350,1358,1469,1653,516,0,195,1583,445,1531,1033,829,145,958,977,1790,1106,902,404,1490,352,1740,1935,1419,282,466,577,585,612,1171,1462,747,53,203,1384,343,
995,362,658,1788,1924,886,1186,956,1450,1761,451,60,927,967,1807,1537,957,46,955,1119,942,14,1921,993,816,980,1889,978,398,128,968,1008,1875,1484,174,485,979,749,1049,11,147,1277,1573,940,
1571,1375,1340,959,1372,39,66,170,556,722,236,622,80,1757,717,1175,511,217,534,1487,1280,973,962,655,448,1401,1718,1424,760,1218,178,1855,1313,1699,1213,1379,1765,1869,1896,563,976,595,560,364,
1244,660,1527,1705,1825,1577,554,484,1670,493,1567,1511,377,432,518,394,759,151,1169,583,344,1678,257,1591,1352,766,1784,1176,1541,1417,1503,1558,424,368,1442,265,1451,1381,358,110,230,408,1275,691,
330,160,1425,1147,1159,1212,130,675,944,1747,1115,1050,1432,1037,371,1871,1717,1327,249,43,1103,207,1728,832,1892,1686,608,218,64,1564,898,503,885,820,188,991,1260,1805,723,776,788,510,1775,1605,
359,1837,26,1836,724,442,738,1337,1274,703,1472,361,512,1672,105,1540,780,380,992,825,192,843,1092,1743,1110,943,1555,1155,395,1830,263,1423,1574,463,1232,661,598,1197,1493,1211,99,1909,98,1576,
1496,35,383,789,1438,731,1885,1594,983,1856,850,988,440,937,621,221,1632,1299,301,5,859,1346,589,1076,1930,1634,636,303,1714,1314,998,1495,947,1085,79,952,341,50,1204,497,1146,1552,1900,439,
208,1785,244,705,1154,549,1689,1780,1203,1712,542,1151,220,1182,1242,1507,544,505,414,1606,690,153,1782,1245,329,1521,1430,1391,428,693,753,1715,784,1393,223,732,155,246,1386,781,1230,1691,150,1727,
680,1542,1725,1692,1710,1615,1388,433,1518,1445,1569,1480,1628,1581,373,743,757,286,1190,1368,369,1659,276,1566,567,745,1649,1178,1192,1562,354,307,455,366,490,417,1502,547,320,225,243,210,393,1255,
1648,864,1901,1772,1013,918,969,1130,963,1833,932,251,953,672,133,1910,70,662,1744,990,1601,875,1060,334,945,191,1273,1865,25,1802,1263,982,1684,1003,102,972,805,966,1017,922,163,34,1071,287,
1028,901,889,586,1019,104,1387,1170,1866,809,1838,57,1226,121,1468,685,1385,783,1817,1549,31,1229,706,1904,386,118,1152,550,1250,467,1814,709,1878,97,1126,69,765,548,1831,916,1349,1046,1034,907,
1473,894,1408,1410,1477,1872,363,1771,536,603,190,650,1821,168,844,1246,491,199,1499,375,657,1283,652,1278,1560,436,1736,1444,689,1091,1767,114,1285,1745,1332,1399,164,1572,63,458,525,527,1041,462,
1687,1294,1524,704,1061,580,291,184,1184,76,614,1149,16,1128,33,1535,285,508,1500,289,694,841,1094,1241,1646,435,1427,1650,400,1902,807,1919,786,1321,1859,751,1751,1644,1355,874,1231,411,641,248,
632,1520,229,1623,255,1679,543,1538,422,1377,319,522,277,1608,754,1069,1268,1828,700,521,226,438,1497,1709,1414,1235,107,667,866,1181,327,1658,1413,1616,558,1513,397,1392,256,1680,312,1706,415,1303,
552,778,1475,1467,403,171,1578,274,254,1357,1635,740,1719,152,1044,935,1378,1671,626,132,384,599,1336,1551,1803,1309,264,557,1000,891,1783,216,1195,300,578,1681,1661,357,1764,1532,468,460,1157,1383,
189,347,1199,1173,1209,631,1758,245,900,1858,1133,848,537,847,1694,1808,1851,1371,331,1698,746,1479,456,1189,237,1604,564,84,127,241,1088,1398,1087,802,77,1035,1690,177,1304,726,762,736,1588,1746,
1733,815,409,1200,290,1326,1716,1726,1129,124,1262,826,1570,1098,501,1489,515,529,1590,141,716,1931,4,1219,1794,345,1406,1420,446,1434,837,365,1109,673,1811,806,209,219,609,1645,735,1526,1120,202,
1412,1361,1530,1510,1543,1738,444,294,507,1400,1666,965,234,1707,664,877,1307,280,646,1906,297,565,1370,1638,29,1289,1655,628,1058,1271,228,1701,970,269,535,1428,1641,1491,197,392,425,405,574,523,
340,804,1626,38,1177,492,1137,633,1348,1683,470,1778,561,205,165,296,1297,1485,1257,839,56,787,1148,1879,1096,678,450,638,1639,1770,1730,1374,157,1465,252,587,1302,798,1443,758,1897,309,1131,1595,
262,1609,308,692,1308,514,1651,531,669,129,1395,782,1584,1201,1734,332,142,480,1362,1643,1248,1621,314,687,292,573,1455,1793,1603,201,734,351,1153,540,1806,1266,1404,284,1421,627,1243,1627,326,1673,
1320,1331,261,381,304,239,457,1575,1619,1319,315,1459,270,258,606,623,656,1754,619,1447,1614,1449,486,321,488,1316,181,1279,1312,1329,1677,1665,476,1620,616,316,360,1478,1696,1631,1554,1674,604,615,
346,1127,1898,55,852,1191,923,688,1293,23,1084,1824,1359,684,1893,232,1305,1460,1053,909,1867,1223,712,68,1026,882,475,630,1703,42,1251,576,111,851,1912,642,1247,1012,744,1083,1880,37,808,1589,
1873,677,737,768,1291,682,1813,15,915,65,819,865,1474,892,1629,1668,272,1330,1580,1789,1113,1550,385,822,146,355,605,1663,267,306,1043,461,1070,1116,1870,1020,1920,122,1253,644,1167,1198,1258,62,
854,350,961,1700,1848,390,1259,1364,156,379,421,413,1505,562,1654,1506,1114,1844,833,1239,489,1776,159,1446,696,1102,91,821,429,281,1373,430,1522,1514,1556,1779,571,676,1545,87,235,974,1585,1081,
1509,831,611,793,472,1846,342,1815,651,971,9,1311,1797,161,1018,1136,49,960,233,427,1075,681,1254,860,1508,1702,975,1886,799,917,1774,138,624,1926,964,1284,120,1593,89,1463,1142,1324,1104,426,
412,855,601,618,1325,1847,1637,1798,1411,698,268,1397,1799,116,1139,861,569,1599,92,449,1456,1118,817,479,1486,1843,336,1366,1074,796,1819,136,538,1667,1237,524,137,298,88,610,1317,1334,1080,1523,
