# 40x40.Bimagic Square of Consecutive Squares(1 to 1600).
# Generated by Toshihiro Shirakawa in 2026.01.11
# S2=34165340
# S4=52510754133332

1170,231,497,887,958,636,229,632,654,921,173,1544,1016,146,972,603,855,1517,1355,698,227,1061,232,687,1179,896,1505,1547,226,230,994,1429,916,1425,225,1070,228,668,478,1431,
488,1348,788,693,577,1034,778,1373,600,822,1345,599,42,1161,158,1507,762,669,555,819,1346,487,1349,526,73,647,496,708,843,1347,163,38,1553,456,1344,452,1343,1342,1468,23,
1365,235,731,1473,1548,757,237,922,542,1466,236,915,1487,857,984,141,560,775,1392,150,239,1178,238,737,1376,68,965,1121,711,234,909,1402,1028,1141,724,991,233,240,174,1426,
131,1340,1450,645,449,962,1185,1383,568,513,1336,688,390,878,561,566,827,446,396,412,1338,511,1339,1561,60,728,148,895,1421,1335,702,47,1167,11,1334,411,1337,1341,968,106,
1105,243,741,981,993,813,539,58,800,1451,248,992,1025,18,1520,806,530,701,1128,534,241,1472,247,765,1041,529,1541,1456,242,244,1470,1186,892,1356,613,1477,245,246,607,1098,
2,1272,1380,139,126,220,1559,1407,1133,686,1277,436,101,1275,451,710,514,178,22,1029,1270,945,1271,1536,840,1361,549,143,1273,1274,951,36,408,814,433,936,1276,671,1181,5,
1502,251,116,881,1089,845,221,402,29,967,254,1491,1393,256,1085,145,729,1551,1420,988,252,1351,249,546,1159,618,1056,1408,490,255,1118,1433,864,1146,781,1144,250,253,670,1164,
1081,282,619,1572,1072,740,285,166,869,839,758,929,1003,284,949,168,779,684,1372,674,281,1476,287,911,1176,659,1526,897,403,288,1504,1396,1584,1353,286,933,283,697,447,1140,
637,1297,1002,391,846,399,1299,963,1595,205,1294,595,184,1301,186,1464,585,899,844,1591,1296,297,1295,1005,4,1184,444,187,1174,1298,199,30,491,88,908,162,1300,614,1187,866,
1032,1290,180,551,176,1537,1148,1580,1035,516,1078,142,825,1288,453,1382,939,443,27,590,1291,197,1289,1110,70,616,706,562,1293,1286,503,53,689,123,1287,97,1292,1413,1136,13,
1097,308,828,850,1495,675,313,690,860,1423,170,1535,1377,72,953,768,610,1012,1100,876,309,1455,310,1571,1132,55,707,1094,312,306,1047,1119,749,1114,155,1386,307,311,14,1427,
420,1268,1020,639,485,884,1262,1492,974,673,712,474,626,1582,593,872,1557,597,535,735,1267,523,1264,667,89,1590,212,171,1266,1265,201,121,646,130,1269,133,1263,1076,1166,621,
1401,321,742,1575,1453,826,92,6,882,1384,315,870,1018,941,1454,102,79,996,1390,147,316,1122,318,730,1079,907,1543,1060,320,319,1023,1158,571,1177,314,1117,317,751,49,1385,
405,1255,1540,506,483,683,1259,868,980,648,1569,417,414,983,134,1138,709,481,409,1388,1260,624,1261,721,54,1088,553,655,1568,1257,463,387,609,98,1258,110,1256,1254,1389,10,
78,1193,468,620,426,767,1194,1394,1510,448,1539,160,746,1054,407,1006,824,177,501,1531,1190,151,1192,224,33,1525,563,183,1191,1189,853,573,793,753,1485,696,1196,1195,862,80,
430,1248,1438,460,112,528,1253,1143,1498,455,1249,889,389,1033,739,1519,540,218,16,1403,1251,45,1250,564,82,918,796,195,1246,1252,442,24,787,498,1017,713,1247,1587,1013,15,
65,1200,925,1513,494,1522,1199,1024,569,214,934,532,208,1599,484,1019,935,665,100,755,1203,638,1201,658,517,917,581,720,1197,1198,217,406,733,416,1594,203,1202,1204,1508,31,
652,1239,559,823,392,852,1048,717,572,454,1243,157,533,1238,94,1086,1558,835,772,1095,1244,522,1240,576,63,1039,175,547,1241,1245,138,103,1563,32,979,66,1242,1565,1585,750,
1501,345,833,926,1109,64,404,223,152,966,829,1354,1050,342,1131,499,660,890,1483,940,341,1015,344,719,1474,99,1404,1082,96,343,1416,1107,1363,1134,339,1437,340,338,415,1439,
135,1228,1084,656,492,798,1222,1503,986,83,1225,681,17,1127,37,754,545,219,9,1126,1221,52,1226,769,744,1586,927,57,1516,1223,682,7,631,196,1506,421,1227,1224,1406,604,
1014,353,579,1574,990,849,803,565,87,879,114,1379,858,346,1381,679,1528,947,1099,770,351,950,349,1530,1062,552,1549,1418,348,352,955,1419,8,1093,469,982,350,347,428,1130,
167,1220,538,583,441,518,1596,1147,959,821,1217,482,434,1500,507,1593,1424,818,419,784,1213,132,1214,1511,105,570,606,211,1219,1218,575,480,680,156,1216,521,1215,1142,973,423,
902,1205,1534,630,470,1533,1449,1171,1494,462,1165,164,467,1211,122,961,664,780,48,509,1210,397,1207,493,847,1527,185,128,1208,1206,393,119,948,109,1004,144,1212,1209,985,26,
1417,385,722,816,1490,657,381,111,602,1529,188,930,1021,379,1554,179,865,1564,1428,567,384,1027,380,756,1391,791,937,943,169,383,1462,1040,904,1155,382,1038,378,790,473,1104,
1112,366,1546,1441,1001,725,424,628,25,944,362,910,1139,363,1073,592,3,842,1156,1589,364,1445,367,766,1366,649,920,1465,368,369,773,1183,574,1043,510,1489,365,472,458,1387,
1113,375,59,838,995,736,373,206,812,977,608,1499,1434,536,932,743,1550,877,1145,439,371,1552,376,752,1237,222,815,1037,370,374,893,1153,1600,1409,550,1442,377,372,502,1123,
1411,355,763,836,1496,601,356,587,747,1532,745,694,1523,357,1074,93,794,1410,1175,520,359,998,360,832,1087,834,867,873,358,354,1560,1446,761,1444,598,1075,361,189,77,1188,
1065,336,759,705,1009,1478,332,181,591,808,193,1011,1044,209,1036,676,477,1555,1111,810,337,1374,333,515,1172,923,970,1518,331,335,1570,1090,1521,1399,202,1120,334,330,580,1180,
95,1232,558,466,124,525,1092,1400,1515,125,1236,215,216,1160,588,1369,952,556,61,1432,1230,108,1231,785,39,1352,471,578,1233,1234,400,871,1049,461,1235,153,1229,1545,1066,35,
1116,328,789,1493,999,1577,324,413,643,1509,715,1414,1360,127,1463,191,734,1578,1045,129,327,1042,322,634,1370,906,678,931,504,326,942,1046,795,1152,325,997,329,323,650,1030,
1457,266,969,662,1443,685,271,435,1562,783,388,1064,928,272,1154,716,605,811,1162,75,267,1067,269,1592,1157,777,978,976,427,265,1430,1358,792,1163,594,1440,270,268,213,1371,
140,1282,1583,856,557,663,1096,975,771,182,851,651,489,1281,56,1458,1471,210,46,1588,1285,71,1283,192,820,629,527,894,1284,1278,589,924,161,586,1101,50,1279,1280,1010,19,
524,1315,760,704,623,880,1317,863,1576,207,1312,543,117,1316,548,633,1512,802,21,644,1314,612,1310,1091,104,1447,885,438,627,1313,41,40,554,159,1129,74,1311,1135,1435,476,
1378,290,43,1524,971,738,584,165,900,912,293,1497,1573,809,987,700,764,817,989,386,296,1484,292,903,1151,541,1542,874,295,291,938,1405,642,1053,289,1460,294,703,726,1115,
44,1319,861,401,445,1598,1320,1052,615,732,1321,508,960,837,801,776,519,641,699,1422,1318,107,1325,149,62,1538,198,500,1055,1324,190,901,204,718,1322,69,1323,1058,1367,1,
84,1304,1579,459,622,136,848,1395,1007,113,1124,596,172,1302,611,1359,1567,672,20,905,1306,90,1303,964,425,495,653,432,1305,1307,888,85,437,86,1309,859,1308,1026,1169,12,
1102,299,677,807,1008,81,394,946,115,1368,194,957,1375,303,1452,661,727,1436,1150,919,304,1068,298,799,1475,640,956,1581,305,301,1448,1077,714,1459,300,1071,302,457,398,1350,
1149,273,695,886,1480,1597,797,782,913,898,275,954,1364,278,1486,531,831,1479,1482,805,280,875,274,582,1182,505,854,1362,418,277,891,1080,34,1063,279,1481,276,431,67,1168,
635,259,617,786,1398,1022,261,464,537,1514,154,1461,1059,512,1415,883,914,804,1125,723,257,1106,263,625,1467,120,1412,1051,830,260,1031,1108,1556,1469,262,1000,258,264,137,1173,
410,1328,486,440,91,1103,1326,544,465,1057,1357,479,395,1137,429,1488,450,692,51,475,1330,841,1332,1566,118,774,666,200,1331,1333,422,76,1083,28,1329,748,1327,1069,1397,691,
