# 60x60.Tetramagic Square.
# Generated by Toshihiro Shirakawa in 2025.12.28
# S1=107970
# S2=259092010
# S3=699451254000
# S4=2014139779199998

0,1087,1876,1839,2519,1112,2825,789,543,2553,2447,2866,828,2642,3274,2116,3420,1714,1308,1383,3088,1530,426,3423,3190,2804,3406,1522,1227,3449,150,2372,2077,193,795,409,176,3173,2069,511,2216,2291,1885,179,1483,325,957,2771,733,1152,1046,3056,2810,774,2487,1080,1760,1723,2512,3599,
578,2957,2923,2557,3364,1811,171,3575,3162,2830,3272,1902,2177,2242,2146,2422,2486,2727,1627,3233,3119,3504,986,244,1565,1536,2673,2366,832,2298,1301,2767,1233,926,2063,2034,3355,2613,95,480,366,1972,872,1113,1177,1453,1357,1422,1697,327,769,437,24,3428,1788,235,1042,676,642,3021,
2614,1333,2939,3044,2688,1076,2346,3217,2197,2102,2796,225,1263,3319,1571,28,3089,1131,1953,892,435,1862,3280,657,2440,1511,169,3528,759,1805,1794,2840,71,3430,2088,1159,2942,319,1737,3164,2707,1646,2468,510,3571,2028,280,2336,3374,803,1497,1402,382,1253,2523,911,555,660,2266,985,
1485,3214,2556,1836,3082,1719,2348,2209,64,781,2277,1553,130,200,2687,3123,2894,2588,346,281,2748,590,49,1986,1636,1157,2339,760,602,1137,2462,2997,2839,1260,2442,1963,1613,3550,3009,851,3318,3253,1011,705,476,912,3399,3469,2046,1322,2818,3535,1390,1251,1880,517,1763,1043,385,2114,
717,304,2327,136,2004,1086,1074,1935,857,58,96,818,2140,3037,2981,2086,2411,2834,1418,2360,1772,3126,1339,2584,1696,499,188,902,3339,395,3204,260,2697,3411,3100,1903,1015,2260,473,1827,1239,2181,765,1188,1513,618,562,1459,2781,3503,3541,2742,1664,2525,2513,1595,3463,1272,3295,2882,
807,991,1905,2284,25,532,1467,196,415,1083,80,2998,3347,3150,2756,3252,2880,2045,1173,2201,3436,1649,2567,2379,3038,1981,748,1341,1785,950,2649,1814,2258,2851,1618,561,1220,1032,1950,163,1398,2426,1554,719,347,843,449,252,601,3519,2516,3184,3403,2132,3067,3574,1315,1694,2608,2792,
2918,1526,2850,157,1820,2408,3583,1345,850,1001,1097,1707,2398,1924,3055,3316,76,2547,374,1572,229,1449,1424,3153,1313,339,2973,920,3062,2766,833,537,2679,626,3260,2286,446,2175,2150,3370,2027,3225,1052,3523,283,544,1675,1201,1892,2502,2598,2749,2254,16,1191,1779,3442,749,2073,681,
557,2062,2928,3189,654,2316,2520,916,3499,1658,745,1003,1686,1604,1391,1355,2497,455,1224,3075,1808,3455,1142,3393,816,3257,259,841,3586,1492,2107,13,2758,3340,342,2783,206,2457,144,1791,524,2375,3144,1102,2244,2208,1995,1913,2596,2854,1941,100,2683,1079,1283,2945,410,671,1537,3042,
1543,2592,432,1709,183,667,2971,1144,1234,905,2472,1068,1323,897,2179,806,33,527,1944,3219,295,3243,2016,2296,3034,1800,2863,3429,1445,68,3531,2154,170,736,1799,565,1303,1583,356,3304,380,1655,3072,3566,2793,1420,2702,2276,2531,1127,2694,2365,2455,628,2932,3416,1890,3167,1007,2056,
2886,1416,3263,1749,509,1231,2093,1071,3152,2491,3481,2941,997,783,2759,3185,1575,1360,3417,1190,3053,1477,3432,903,1978,6,253,2321,2833,1692,1907,766,1278,3346,3593,1621,2696,167,2122,546,2409,182,2239,2024,414,840,2816,2602,658,118,1108,447,2528,1506,2368,3090,1850,336,2183,713,
2320,3581,288,128,1358,1405,1930,401,2454,2890,1570,1029,2353,3057,737,224,1858,1129,2751,922,2807,3506,3125,2962,2111,1010,3293,2087,1866,3060,539,1733,1512,306,2589,1488,637,474,93,792,2677,848,2470,1741,3375,2862,542,1246,2570,2029,709,1145,3198,1669,2194,2241,3471,3311,18,1279,
3509,874,1172,1940,3248,1455,153,746,1617,2496,1688,2887,3410,501,47,1423,3139,943,242,1311,2794,1840,644,3047,2555,2096,2240,379,1216,2623,976,2383,3220,1359,1503,1044,552,2955,1759,805,2288,3357,2656,460,2176,3552,3098,189,712,1911,1103,1982,2853,3446,2144,351,1659,2427,2725,90,
2417,2713,1211,402,1654,3440,612,241,3177,3543,2335,1908,1125,940,316,492,716,560,2199,1379,3520,1491,1798,220,2546,2779,966,1586,1517,770,2829,2082,2013,2633,820,1053,3379,1801,2108,79,2220,1400,3039,2883,3107,3283,2659,2474,1691,1264,56,422,3358,2987,159,1945,3197,2388,886,1182,
975,809,2950,1910,2387,668,158,217,579,768,2338,302,3561,483,2221,2708,2479,3356,1960,2680,2053,1185,377,1582,1743,3134,1425,1078,102,1440,2159,3497,2521,2174,465,1856,2017,3222,2414,1546,919,1639,243,1120,891,1378,3116,38,3297,1261,2831,3020,3382,3441,2931,1212,1689,649,2790,2624,
3554,2517,1726,1140,2526,1803,2917,3206,3491,184,2143,3270,3476,767,936,3027,262,2033,875,1939,1501,475,2357,2229,635,2616,2164,505,788,2295,1304,2811,3094,1435,983,2964,1370,1242,3124,2098,1660,2724,1566,3337,572,2663,2832,123,329,1456,3415,108,393,682,1796,1073,2459,1873,1082,45,
2326,1947,3096,899,3265,3348,406,1468,1790,1183,2618,2225,3401,1122,2913,1898,793,1067,3558,586,2682,2384,1507,1421,2978,1564,3151,89,743,147,3452,2856,3510,448,2035,621,2178,2092,1215,917,3013,41,2532,2806,1701,686,2477,198,1374,981,2416,1809,2131,3193,251,334,2700,503,1652,1273,
1596,861,2933,368,3572,2605,3262,2504,3122,1350,650,1462,800,1771,3341,3050,771,1410,149,3076,1698,87,915,1666,2524,1180,1528,3381,1265,1237,2362,2334,218,2071,2419,1075,1933,2684,3512,1901,523,3450,2189,2828,549,258,1828,2799,2137,2949,2249,477,1095,337,994,27,3231,666,2738,2003,
2754,484,1288,596,3540,293,978,1999,651,1494,2896,3239,2211,478,1976,2651,1106,2044,2349,3391,2559,1344,1774,810,126,3261,3538,1881,2872,2448,1151,727,1718,61,338,3473,2789,1825,2255,1040,208,1250,1555,2493,948,1623,3121,1388,360,703,2105,2948,1600,2621,3306,59,3003,2311,3115,845,
2921,2954,3194,3427,2867,2629,1853,1606,72,1244,1461,3159,1630,1105,1070,3407,2078,1414,1899,540,825,247,2449,864,3240,2253,536,2292,3565,934,2665,34,1307,3063,1346,359,2735,1150,3352,2774,3059,1700,2185,1521,192,2529,2494,1969,440,2138,2355,3527,1993,1746,970,732,172,405,645,678,
731,2712,614,1412,1835,42,139,349,1626,394,1539,454,514,937,2142,1236,1275,2482,222,1998,3532,2544,801,599,672,1917,2246,2637,256,2410,1189,3343,962,1353,1682,2927,3000,2798,1055,67,1601,3377,1117,2324,2363,1457,2662,3085,3145,2060,3205,1973,3250,3460,3557,1764,2187,2985,887,2868,
1778,2639,185,3071,1205,1631,1568,1295,3312,1498,1165,609,53,2051,1392,340,384,2823,3451,1377,2745,814,62,1047,1882,670,2640,3031,1111,463,3136,2488,568,959,2929,1717,2552,3537,2785,854,2222,148,776,3215,3259,2207,1548,3546,2990,2434,2101,287,2304,2031,1968,2394,528,3414,960,1821,
2926,1633,980,3458,762,2147,3539,2952,2407,1408,504,237,1984,3338,398,2247,1780,54,438,1286,938,2747,2041,1037,1687,3277,2389,2762,2483,558,3041,1116,837,1210,322,1912,2562,1558,852,2661,2313,3161,3545,1819,1352,3201,261,1615,3362,3095,2191,1192,647,60,1452,2837,141,2619,1966,673,
209,1653,3493,1438,3111,2386,321,1802,1505,2009,2495,274,2421,584,1012,2236,617,772,2690,2158,3464,3135,1712,1056,35,870,811,363,1289,697,2902,2310,3236,2788,2729,3564,2543,1887,464,135,1441,909,2827,2982,1363,2587,3015,1178,3325,1104,1590,2094,1797,3278,1213,488,2161,106,1946,3390,
3438,1810,898,2290,1126,267,1681,1148,445,2549,728,941,808,1956,1433,3290,603,1243,3017,110,963,1562,411,2911,12,521,1362,2152,201,1520,2079,3398,1447,2237,3078,3587,688,3188,2037,2636,3489,582,2356,2996,309,2166,1643,2791,2658,2871,1050,3154,2451,1918,3332,2473,1309,2701,1789,161,
11,399,662,1657,1871,3120,1327,1163,1516,931,1257,3445,1284,1761,723,2169,3490,275,2464,3014,186,538,2541,1578,2777,2989,964,1446,869,317,3282,2730,2153,2635,610,822,2021,1058,3061,3413,585,1135,3324,109,1430,2876,1838,2315,154,2342,2668,2083,2436,2272,479,1728,1942,2937,3200,3588,
2716,1932,2008,2960,2542,19,2689,1161,2861,3147,92,134,2919,2595,2344,1121,1752,2195,1739,3001,1271,234,263,3229,3103,1486,1508,2814,3242,2273,1326,357,785,2091,2113,496,370,3336,3365,2328,598,1860,1404,1847,2478,1255,1004,680,3465,3507,452,738,2438,910,3580,1057,639,1591,1667,883,
2485,65,3389,1153,625,1490,3344,1290,2860,804,2550,3433,3155,3069,2925,355,3573,1598,1699,1812,2382,2667,3192,1957,1396,2609,570,2072,2228,868,2731,1371,1527,3029,990,2203,1642,407,932,1217,1787,1900,2001,26,3244,674,530,444,166,1049,2795,739,2309,255,2109,2974,2446,210,3534,1114,
2351,3285,817,1160,597,168,1277,2930,1895,2692,1751,2030,3109,3400,778,2099,2484,3349,1460,605,1632,81,470,1008,1369,1434,2545,895,57,3238,361,3542,2704,1054,2165,2230,2591,3129,3518,1967,2994,2139,250,1115,1500,2821,199,490,1569,1848,907,1704,669,2322,3431,3002,2439,2782,314,1248,
1259,790,2251,1167,1429,3203,1458,2622,2538,1510,534,2835,63,1100,1734,846,2302,456,223,344,1624,2672,2908,264,3437,630,3577,3048,1816,1563,2036,1783,551,22,2969,162,3335,691,927,1975,3255,3376,3143,1297,2753,1865,2499,3536,764,3065,2089,1061,977,2141,396,2170,2432,1348,2809,2340,
2345,1725,1030,3023,520,866,1009,114,1832,2959,3435,2012,1285,3598,3246,1524,3223,3405,2858,2192,1347,2664,254,1679,1081,1470,1169,3127,2797,2934,665,802,472,2430,2129,2518,1920,3345,935,2252,1407,741,194,376,2075,353,1,2314,1587,164,640,1767,3485,2590,2733,3079,576,2569,1874,1254,
2038,233,3474,798,1197,3007,1419,116,2509,1465,1325,3216,457,1684,3567,999,707,1776,613,2670,3351,1245,2718,1665,3286,485,1027,2836,2280,1518,2081,1319,763,2572,3114,313,1934,881,2354,248,929,2986,1823,2892,2600,32,1915,3142,383,2274,2134,1090,3483,2180,592,2402,2801,125,3366,1561,
3268,518,1622,2238,545,2370,2508,1769,1399,1162,1592,3578,2717,1475,276,2884,784,2946,203,1729,2307,1550,3148,3208,942,3439,86,2874,2626,1065,2534,973,725,3513,160,2657,391,451,2049,1292,1870,3396,653,2815,715,3323,2124,882,21,2007,2437,2200,1830,1091,1229,3054,1361,1977,3081,331,
2625,2803,2022,1970,1854,3395,1349,2149,2970,860,3456,2281,3269,2182,3594,1154,3019,439,2489,3212,955,2846,2578,1551,711,494,117,1252,1904,3307,292,1695,2347,3482,3105,2888,2048,1021,753,2644,387,1110,3160,580,2445,5,1417,330,1318,143,2739,629,1450,2250,204,1745,1629,1577,796,974,
1143,2740,279,1495,939,1619,2824,3131,1925,3477,3230,1051,1867,2057,513,3294,3033,2901,232,2776,1276,2511,1846,3560,1221,2232,2213,2999,2594,3502,97,1005,600,1386,1367,2378,39,1753,1088,2323,823,3367,698,566,305,3086,1542,1732,2548,369,122,1674,468,775,1980,2660,2104,3320,859,2456,
78,2264,3592,1529,2100,1072,3326,863,386,3266,3424,1597,2898,751,2420,1393,2585,3175,2983,239,2507,2303,522,1680,2377,819,1793,554,1971,2695,904,1628,3045,1806,2780,1222,1919,3077,1296,1092,3360,616,424,1014,2206,1179,2848,701,2002,175,333,3213,2736,273,2527,1499,2070,7,1335,3521,
1038,1991,3397,417,2734,277,3156,952,2879,533,1951,1089,1166,2293,3533,675,2135,352,979,2235,1525,591,624,2813,3591,3425,1770,1702,2373,1409,2190,1226,1897,1829,174,8,786,2975,3008,2074,1364,2620,3247,1464,2924,66,1306,2433,2510,1648,3066,720,2647,443,3322,865,3182,202,1608,2561,
2080,48,896,2773,294,2904,1300,2015,2275,2167,371,1099,636,155,1181,1974,3026,2873,1444,1706,1016,3258,1826,3524,428,1258,3106,906,3408,1045,2554,191,2693,493,2341,3171,75,1773,341,2583,1893,2155,726,573,1625,2418,3444,2963,2500,3228,1432,1324,1584,2299,695,3305,826,2703,3551,1519,
508,2965,876,834,3172,563,2198,1842,270,2669,1705,1929,2909,3496,1138,1147,3207,177,2574,3386,1476,2870,2263,1228,1002,2076,1298,1985,324,3595,4,3275,1614,2301,1523,2597,2371,1336,729,2123,213,1025,3422,392,2452,2461,103,690,1670,1894,930,3329,1757,1401,3036,427,2765,2723,634,3091,
1875,335,2052,375,1755,2103,1202,2641,489,3353,1921,3030,37,1579,226,878,1034,2226,2922,2331,1175,2838,3457,2476,1389,3157,968,99,2956,829,2770,643,3500,2631,442,2210,1123,142,761,2424,1268,677,1373,2565,2721,3373,2020,3562,569,1678,246,3110,958,2397,1496,1844,3224,1547,3264,1724,
3303,2706,425,2897,3505,2058,3113,3012,2428,397,747,1235,2006,2279,1672,2115,949,1795,2632,120,2471,3369,2808,2205,1035,1708,631,310,36,2306,1293,3563,3289,2968,1891,2564,1394,791,230,1128,3479,967,1804,2650,1484,1927,1320,1593,2364,2852,3202,1171,587,486,1541,94,702,3174,893,296,
1376,2332,1845,742,190,2506,996,3191,1914,3480,3046,466,2666,131,1640,1256,1195,2714,2066,507,2900,1024,1442,2802,2951,245,3284,40,1431,1567,2032,2168,3559,315,3354,648,797,2157,2575,699,3092,1533,885,2404,2343,1959,3468,933,3133,553,119,1685,408,2603,1093,3409,2857,1754,1267,2223,
328,3514,1170,430,921,548,1909,2308,3555,207,1515,1466,2367,1328,2188,3327,1133,2763,362,2705,754,1677,1834,987,500,3434,1603,2976,704,1048,2551,2895,623,1996,165,3099,2612,1765,1922,2845,894,3237,836,2466,272,1411,2271,1232,2133,2084,3392,44,1291,1690,3051,2678,3169,2429,85,3271,
2864,1863,2317,2944,575,965,2117,2885,1174,1784,3412,1343,1954,3104,354,1557,1395,3576,3301,1069,365,145,2817,2652,2359,91,2741,1574,2514,3138,461,1085,2025,858,3508,1240,947,782,3454,3234,2530,298,23,2204,2042,3245,495,1645,2256,187,1815,2425,714,1482,2634,3024,655,1282,1736,735,
1194,1958,413,3492,2000,3328,877,2709,20,2112,1381,2501,2121,1668,3097,923,1436,112,2287,2582,2019,2842,2967,381,3267,571,1280,607,2628,3310,289,971,2992,2319,3028,332,3218,632,757,1580,1017,1312,3487,2163,2676,502,1931,1478,1098,2218,1487,3579,890,2722,271,1599,107,3186,1641,2405,
433,2847,2746,2961,3313,3049,827,10,1351,1869,1230,1634,1287,945,1164,205,1852,1602,1031,156,3276,1134,2054,972,3498,3080,3196,685,2186,1451,2148,1413,2914,403,519,101,2627,1545,2465,323,3443,2568,1997,1747,3394,2435,2654,2312,1965,2369,1730,2248,3589,2772,550,286,638,853,752,3166,
794,998,2265,3568,2490,2283,3300,3448,3404,1949,2719,3117,722,3273,372,3511,2067,1782,1426,2881,583,1884,1581,2947,924,3149,2156,2395,1036,2400,1199,2563,1204,1443,450,2675,652,2018,1715,3016,718,2173,1817,1532,88,3227,326,2877,482,880,1650,195,151,299,1316,1109,31,1334,2601,2805,
724,951,2212,3210,2503,2352,3052,856,2573,197,3291,1928,2243,471,1792,3073,1883,2899,824,3333,1493,1559,3421,2,641,2014,1269,111,993,2441,1158,2606,3488,2330,1585,2958,3597,178,2040,2106,266,2775,700,1716,526,1807,3128,1356,1671,308,3402,1026,2743,547,1247,1096,389,1387,2648,2875,
1368,2480,1711,1744,367,1988,2566,2761,982,2300,2110,2390,2214,212,2043,140,1141,3494,855,3596,2979,564,1647,441,297,2645,721,3241,531,2912,687,3068,358,2878,954,3302,3158,1952,3035,620,3,2744,105,2458,3459,1556,3387,1385,1209,1489,1299,2617,838,1033,1611,3232,1855,1888,1119,2231,
3529,3141,2119,285,46,3475,2469,1775,1538,3279,3011,2991,1384,2391,2685,1693,236,1964,2285,844,506,3221,2760,2539,1610,1156,2599,684,1337,2843,756,2262,2915,1000,2443,1989,1060,839,378,3093,2755,1314,1635,3363,1906,914,1208,2215,608,588,320,2061,1824,1130,124,3553,3314,1480,458,70,
3235,1149,291,2715,2358,3292,1992,434,1448,2540,2841,2581,830,2492,487,2305,1504,146,3025,1849,2267,2889,3547,2988,1676,74,228,1738,2171,908,2691,1428,1861,3371,3525,1923,611,52,710,1332,1750,574,3453,2095,1294,3112,1107,2769,1018,758,1059,2151,3165,1607,307,1241,884,3308,2450,364,
2381,3321,2576,1481,1661,301,692,831,1549,679,429,1146,619,2698,2984,1813,3486,2401,984,2224,14,1731,303,3361,2234,1713,2903,1859,3070,3359,240,529,1740,696,1886,1365,238,3296,1868,3585,1375,2615,1198,113,1786,615,901,2980,2453,3170,2920,2050,2768,2907,3298,1938,2118,1023,278,1218,
3187,1136,969,693,2953,1176,2085,2757,2869,2784,152,1990,3380,284,1843,1656,3108,1338,3254,421,1039,83,595,1872,1262,953,2392,3590,1439,2128,1471,2160,9,1207,2646,2337,1727,3004,3516,2560,3178,345,2261,491,1943,1756,3315,219,1609,3447,815,730,842,1514,2423,646,2906,2630,2463,412,
708,2120,469,1735,1238,2217,1132,3330,404,3372,512,50,1758,3288,69,1534,2537,2325,1962,888,2278,961,779,133,2415,1576,541,2993,2819,946,2653,780,606,3058,2023,1184,3466,2820,2638,1321,2711,1637,1274,1062,2065,3530,311,1841,3549,3087,227,3195,269,2467,1382,2361,1864,3130,1479,2891,
1837,995,129,2333,867,918,180,1223,2010,3226,3006,3132,498,2535,889,1077,2202,3383,2859,2233,115,3032,2059,2245,3163,2893,1616,1961,1225,30,3569,2374,1638,1983,706,436,1354,1540,567,3484,1366,740,216,1397,2522,2710,1064,3101,467,593,373,1589,2376,3419,2681,2732,1266,3470,2604,1762,
1777,462,2935,2940,2444,2800,221,1437,2849,873,559,1535,515,2011,2505,104,132,3281,3584,1469,2380,1270,1955,1372,2643,282,3211,1710,2593,2579,1020,1006,1889,388,3317,956,2227,1644,2329,1219,2130,15,318,3467,3495,1094,1588,3084,2064,3040,2726,750,2162,3378,799,1155,659,664,3137,1822,
1781,1454,1703,121,1937,1340,3309,2172,2905,2460,390,82,925,2728,2393,3083,55,1502,604,1305,3018,992,812,453,2005,2571,1186,3251,181,2855,744,3418,348,2413,1028,1594,3146,2787,2607,581,2294,2995,2097,3544,516,1206,871,2674,3517,3209,1139,694,1427,290,2259,1662,3478,1896,2145,1818,
535,43,2219,1310,2558,663,577,3522,1605,1979,1768,2972,312,1916,3181,2412,1124,913,1474,847,431,1019,3461,2396,2826,2269,3334,1544,3384,2778,821,215,2055,265,1330,773,1203,138,2580,3168,2752,2125,2686,2475,1187,418,1683,3287,627,1831,1620,1994,77,3022,2936,1041,2289,1380,3556,3064,
1509,3350,29,1987,2385,1948,497,2844,633,300,683,1084,2812,2720,459,589,928,988,1463,3462,1302,416,1063,2184,98,2406,1879,1833,1342,231,3368,2257,1766,1720,1193,3501,1415,2536,3183,2297,137,2136,2611,2671,3010,3140,879,787,2515,2916,3299,2966,755,3102,1651,1214,1612,3570,249,2090,
1118,862,1560,3199,1013,3331,2822,2196,1200,2699,1331,423,2786,84,1196,2910,1281,1066,2977,211,1472,1851,1878,127,343,1673,2047,3005,3118,51,3548,481,594,1552,1926,3256,3472,1721,1748,2127,3388,622,2533,2318,689,2403,3515,813,3176,2268,900,2399,1403,777,268,2586,400,2039,2737,2481,
2610,3526,1473,2655,1168,3179,1936,3180,734,17,2350,2068,2764,1329,2026,257,2750,525,3249,1857,214,2193,2943,1022,661,3426,2282,1101,3043,1877,1722,556,2498,1317,173,2938,2577,656,1406,3385,1742,350,3074,849,3342,1573,2270,835,1531,1249,3582,2865,419,1663,420,2431,944,2126,73,989,
